page	left	top	code
3	660	346	    repmis
3	542	226	
3	589	205	
3	566	276	
3	610	161	
3	486	392	
3	461	386	
3	496	457	
3	599	580	
3	611	625	
3	473	516	
3	488	512	
3	495	220	
3	435	260	                                                      googleVis
3	336	528	                                    dataone
3	636	398	
3	487	334	
3	645	323	 rgauges
3	643	413	 RSiteCatalyst
3	486	298	
3	479	428	
3	550	434	
3	589	309	
3	664	372	    ggmap
3	559	474	
3	538	482	
3	639	439	
3	530	457	
3	673	496	     gooJSON
3	561	451	
3	502	358	